9 0 0
9 0 1
9 0 2
9 0 3
9 0 4
9 0 5
9 0 6
9 0 7
9 0 8
9 0 9
9 0 10
9 0 11
9 0 12
9 0 13
9 0 14
9 0 15
9 0 16
9 0 17
9 0 18
9 0 19
9 1 0
0 1 3 100 30 1 100
2 1 17 200 10
9 1 19
9 2 0
9 2 1
9 2 4
9 2 7
9 2 10
9 2 13
9 2 16
9 2 19
9 3 0
9 3 19
9 4 0
5 4 8 50
9 4 19
9 5 0
9 5 1
9 5 4
9 5 7
9 5 10
9 5 13
9 5 16
9 5 19
9 6 0
6 6 18 50
9 6 19
9 7 0
6 7 3 50
9 7 19
9 8 0
9 8 1
9 8 4
9 8 7
9 8 10
9 8 13
9 8 16
9 8 19
9 9 0
6 9 3 50
9 9 19
9 10 0
6 10 9 50
9 10 19
9 11 0
9 11 1
9 11 4
9 11 7
9 11 10
9 11 13
9 11 16
6 11 18 50
9 11 19
9 12 0
9 12 19
9 13 0
9 13 19
9 14 0
9 14 1
9 14 4
9 14 7
9 14 10
9 14 13
9 14 16
9 14 19
9 15 0
9 15 19
9 16 0
9 16 19
9 17 0
9 17 1
9 17 4
9 17 7
9 17 10
9 17 13
9 17 16
9 17 19
9 18 0
9 18 19
9 19 0
3 19 8 100 10
9 19 19
9 20 0
9 20 1
9 20 4
1 20 6 100 40
9 20 7
9 20 10
9 20 13
9 20 16
9 20 19
9 21 0
4 21 18 50
9 21 19
9 22 0
9 22 19
9 23 0
9 23 1
9 23 4
9 23 7
9 23 10
9 23 13
9 23 16
9 23 19
9 24 0
9 24 19
9 25 0
9 25 19
9 26 0
9 26 1
9 26 4
2 26 6 200 10
9 26 7
5 26 8 50
9 26 10
9 26 13
9 26 16
9 26 19
9 27 0
9 27 19
9 28 0
9 28 19
9 29 0
9 29 1
9 29 4
9 29 7
9 29 10
9 29 13
9 29 16
9 29 19
9 30 0
9 30 19
9 31 0
9 31 19
9 32 0
9 32 1
9 32 4
9 32 7
9 32 10
9 32 13
9 32 16
9 32 19
9 33 0
9 33 19
9 34 0
5 34 11 50
9 34 19
9 35 0
9 35 1
9 35 4
9 35 7
9 35 10
9 35 13
9 35 16
9 35 19
9 36 0
6 36 9 50
9 36 19
9 37 0
9 37 19
9 38 0
1 38 11 100 40
9 38 19
9 39 0
9 39 1
9 39 2
9 39 3
9 39 4
9 39 5
9 39 6
9 39 7
9 39 8
9 39 9
9 39 10
9 39 11
9 39 12
9 39 13
9 39 14
9 39 15
9 39 16
9 39 17
9 39 18
9 39 19
